{
  "nbformat": 4,
  "nbformat_minor": 0,
  "metadata": {
    "colab": {
      "name": "2GDA.ipynb",
      "version": "0.3.2",
      "provenance": [],
      "collapsed_sections": [],
      "toc_visible": true
    },
    "kernelspec": {
      "name": "python3",
      "display_name": "Python 3"
    }
  },
  "cells": [
    {
      "cell_type": "markdown",
      "metadata": {
        "id": "xglMp-j7EO89",
        "colab_type": "text"
      },
      "source": [
        "# Gaussian Discriminant Analysis\n",
        "This is an implementation of the GDA for image classification. We are going to model the conditional probability distribution p(X|Y=0) and p(X|Y=1) for the negatives and positives samples. Then, using the Bayes rule, we are going to obtain p(Y=0|X) and p(Y=1|X). In fact we are going to obtain a score given that we don't need to calculate p(X) in p(Y|X) = p(X|Y)p(Y)/p(X). X represents the features and p(Y) = 0.5. In this case, the features employed are only related with RGB values and not filters, edges, and related stuff.\n",
        " \n",
        " **Import packages**\n",
        " \n",
        "**skimage: scikit image for image manipulation**"
      ]
    },
    {
      "cell_type": "code",
      "metadata": {
        "id": "graEa-dNpc_8",
        "colab_type": "code",
        "colab": {}
      },
      "source": [
        "import skimage\n",
        "import random\n",
        "import os\n",
        "import glob\n",
        "import numpy as np\n",
        "from skimage import io\n",
        "\n"
      ],
      "execution_count": 0,
      "outputs": []
    },
    {
      "cell_type": "markdown",
      "metadata": {
        "id": "UhfLmXLXFW4a",
        "colab_type": "text"
      },
      "source": [
        " load files: positives and negatives examples (d = current work directory containing the positives and negatives files)\n",
        " "
      ]
    },
    {
      "cell_type": "code",
      "metadata": {
        "id": "R2pavkIirZD9",
        "colab_type": "code",
        "colab": {}
      },
      "source": [
        "d = os.getcwd()"
      ],
      "execution_count": 0,
      "outputs": []
    },
    {
      "cell_type": "code",
      "metadata": {
        "id": "I4a7tpEmFk-I",
        "colab_type": "code",
        "colab": {}
      },
      "source": [
        "dp = glob.glob(str(d)+'/positives/*png')\n",
        "dn= glob.glob(str(d)+'/negatives/*png')"
      ],
      "execution_count": 0,
      "outputs": []
    },
    {
      "cell_type": "markdown",
      "metadata": {
        "id": "XkQFuu1xL25c",
        "colab_type": "text"
      },
      "source": [
        "A function that acts like a splitter for cross validation s-fold s = v:"
      ]
    },
    {
      "cell_type": "code",
      "metadata": {
        "id": "X1U_2Jp7MP8J",
        "colab_type": "code",
        "colab": {}
      },
      "source": [
        "def split(X,v): \n",
        "        \"\"\"generates partitions for the cross validation s-fold (s = v)\"\"\"\n",
        "        pair=[]\n",
        "        for k in range(len(X)):\n",
        "\t\t\n",
        "                pair.append(list((list(X[k]))))\n",
        "        random.seed(32)\n",
        "        random.shuffle(pair)\n",
        "        splen = round(len(pair)/v)\n",
        "        tt =[]\n",
        "        for k in range(v):\n",
        "                uu =[]\n",
        "                for i in range(k*splen,(k+1)*splen):\n",
        "                        if i == len(pair):\n",
        "                                break\n",
        "                        uu.append(pair[i])\n",
        "                tt.append(uu)\n",
        "\n",
        "\n",
        "        return tt, pair\n"
      ],
      "execution_count": 0,
      "outputs": []
    },
    {
      "cell_type": "code",
      "metadata": {
        "id": "-JUgroiIMdCg",
        "colab_type": "code",
        "colab": {}
      },
      "source": [
        "v = 10 # cross validation 10-fold\n",
        "fp = []\n",
        "\n",
        "# read images \n",
        "for sam in dp: # positive images \n",
        "       im = io.imread(sam) # ndarray uint8\n",
        "       im = np.array(im,dtype='int16')\t\n",
        "       fp.append(im)\n",
        "\n",
        "fp = np.array(fp)\n",
        "\n",
        "\n",
        "\n",
        "fn = []\n",
        "for sam in dn: # negative images  \n",
        "\tim = io.imread(sam)\n",
        "\tim = np.array(im,dtype='int16')\t\n",
        "\tfn.append(im)\n",
        "\n",
        "fn = np.array(fn)\n",
        "\n",
        "hlistp,pairp= split(fp,v) # sfold huge list of 10 lists each of size 3 ( 30 pos samples / 10-fold = 3)\n",
        "hlistn,pairn= split(fn,v) # negatives\n"
      ],
      "execution_count": 0,
      "outputs": []
    },
    {
      "cell_type": "markdown",
      "metadata": {
        "id": "PExxxsY8XTrL",
        "colab_type": "text"
      },
      "source": [
        "**In the next steps we are going to perform:**\n",
        "   - validation and training sets splitting\n",
        "   - creation of the feature array X containind the 5 color entities. The features are listed as follow:\n",
        "          Mean(R)\n",
        "          Mean(G)\n",
        "          Mean(B)\n",
        "          Mean(minR,minG,minB)\n",
        "          Mean(maxR,maxG,maxB)\n",
        "   - computation of the mean arrays, mu0 and mu1 for the positive and negatives categories respectively as well as the covariance matrix from the training set\n",
        "   - calculation of the p(X|Y) from the mean arrays and covariance matrix\n",
        "   \\begin{align}\n",
        "p(X;\\mu, \\Sigma) & = \\frac{1}{(2\\pi)^{n/2}|\\Sigma|^{1/2}} exp(-\\frac{1}{2}(x-\\mu)^{T}\\Sigma^{-1}(x-\\mu))\\\\\n",
        "\\\n",
        "\\end{align}\n",
        "   - estimation of the p(Y|X) score for the X in the validation set"
      ]
    },
    {
      "cell_type": "code",
      "metadata": {
        "id": "mmqV_DJzW-Tj",
        "colab_type": "code",
        "outputId": "c5d596a5-2c7e-42d4-856f-940c0babd00c",
        "colab": {
          "base_uri": "https://localhost:8080/",
          "height": 7157
        }
      },
      "source": [
        "for i in range(len(hlistn)):\n",
        " \t# Here comes the features. Features only based on colors. Mean of R, G, B values and mean of mins and maxs\n",
        "\tX1 =[] # meanR\n",
        "\tX2 =[] # meanG\n",
        "\tX3 =[] # meanB\n",
        "\tX4 =[]# mean (minR minG minB)\n",
        "\tX5 =[] # mean (maxR maxG maxB)\n",
        "\t#The same for negative examples\n",
        "\tX1n =[] # meanR\n",
        "\tX2n =[]\n",
        "\tX3n =[]\n",
        "\tX4n =[]# mean (minR minG minB)\n",
        "\tX5n =[] # mean (maxR maxG maxB)\n",
        "\tl = list(range(10))\n",
        "\tl.remove(i)\n",
        "\tvalp = hlistp[i]\n",
        "\ttrainp = [hlistp[j] for j in l]\n",
        "\tvaln = hlistn[i]\t\n",
        "\ttrainn = [hlistn[j] for j in l]\n",
        "\tl.insert(i,i)\t\n",
        "\ttrain = trainp + trainn\n",
        "\tval = valp + valn\n",
        "\ttrain = np.array(train)\n",
        "\tval = np.array(val)\n",
        "\tv = len(val)\n",
        "\ttp = 0 # true positives, true negatives, false posites, and false negatives for the accuracy and confusion matrix\n",
        "\ttn = 0\n",
        "\tfp = 0\n",
        "\tfn = 0\n",
        "  \n",
        "\tfor k in range(len(train)):\n",
        "\t\t\n",
        "\t\tY = train[k]\n",
        "\t\tfor e in range(len(Y)):\n",
        "\t\t\tX=Y[e]\n",
        "\t\t\tif k < 9: \n",
        "\t\t\t\tX1.append(np.mean(X[:,:,0]))\n",
        "\t\t\t\tX2.append(np.mean(X[:,:,1]))\n",
        "\t\t\t\tX3.append(np.mean(X[:,:,2]))\n",
        "\t\t\t\tap = np.mean( [np.min(X[:,:,0]),np.min(X[:,:,1]),np.min(X[:,:,2])] )\n",
        "\t\t\t\tX4.append(ap)\n",
        "\t\t\t\tap2 = np.mean( [np.max(X[:,:,0]),np.max(X[:,:,1]),np.max(X[:,:,2]) ])\n",
        "\t\t\t\tX5.append(ap2)\n",
        "\t\t\t\t\n",
        "\t\t\telse:\n",
        "\t\t\t\tX1n.append(np.mean(X[:,:,0]))\n",
        "\t\t\t\tX2n.append(np.mean(X[:,:,1]))\n",
        "\t\t\t\tX3n.append(np.mean(X[:,:,2]))\n",
        "\t\t\t\tap = np.mean( [np.min(X[:,:,0]) , np.min(X[:,:,1]) , np.min(X[:,:,2])] )\n",
        "\t\t\t\tX4n.append(ap)\n",
        "\t\t\t\tap2 = np.mean( [np.max(X[:,:,0]) , np.max(X[:,:,1]) , np.max(X[:,:,2])] )\n",
        "\t\t\t\tX5n.append(ap2)\n",
        "\t\t\t\n",
        "\n",
        "\tphi = 0.5 # phi1 = phi2 30 pos and 30 neg\n",
        "\tmu0 = np.array([np.mean(X1n),np.mean(X2n),np.mean(X3n),np.mean(X4n),np.mean(X5n)])#mean array neg\n",
        "\tmu1 = np.array([np.mean(X1),np.mean(X2),np.mean(X3),np.mean(X4),np.mean(X5)])# mean array pos \n",
        "\n",
        "\tsumm=np.zeros(shape=(5,5))\n",
        "\tm =27 \n",
        "\tfor ii in range(m):\n",
        "\t\ta = np.array([X1[ii], X2[ii],X3[ii],X4[ii],X5[ii]])\n",
        "\t\tb = np.array([X1n[ii], X2n[ii],X3n[ii],X4n[ii],X5n[ii]])\n",
        "\t\tdif1 = (b - mu0).reshape(-1,1)\n",
        "\t\tdif1t = np.transpose(dif1)\n",
        "\t\tmm = np.matmul(dif1,dif1t)\n",
        "\t\tdif2 = (a - mu1).reshape(-1,1)\n",
        "\t\tdif2t = np.transpose(dif2)\n",
        "\t\tmm2 = np.matmul(dif2,dif2t)\n",
        "\t\tsumm = summ + mm + mm2\n",
        "\t\n",
        "\n",
        "\tsig = summ/m*2\n",
        "\tprint(\"partition= \",str(i+1))\n",
        "\tprint('mu0= ',mu0,'mu1= ',mu1)\n",
        "\tprint('sigma= ',sig)\n",
        "\tsiginv=np.linalg.inv(sig)\n",
        "\tdet = np.linalg.det(sig)\n",
        "\t### another loop to estimate p(x|y) for validation set\n",
        "\tX1v = []\n",
        "\tX2v = []\n",
        "\tX3v = []\n",
        "\tX4v = []\n",
        "\tX5v = []\n",
        "\tX1vn = []\n",
        "\tX2vn = []\n",
        "\tX3vn = []\n",
        "\tX4vn = []\n",
        "\tX5vn = []\n",
        "\tfor k in range(v):\n",
        "                \n",
        "\t\tprint('Sample ',str(k+1))\n",
        "\t\tif k < 3:\n",
        "\t\t\tX1v.append(np.mean(val[k][:,:,0]))\n",
        "\t\t\tX2v.append(np.mean(val[k][:,:,1]))\n",
        "\t\t\tX3v.append(np.mean(val[k][:,:,2]))\n",
        "\t\t\tX4v.append(np.mean([np.min(val[k][:,:,0]) , np.min(val[k][:,:,1]) , np.min(val[k][:,:,2])]))\n",
        "\t\t\tX5v.append(np.mean([np.max(val[k][:,:,0]) , np.max(val[k][:,:,1]) , np.max(val[k][:,:,2])]))\n",
        "\t\t\ta = np.array([X1v[k], X2v[k], X3v[k], X4v[k], X5v[k]])\n",
        "\t\telse:\n",
        "\t\t\tX1vn.append(np.mean(val[k][:,:,0]))\n",
        "\t\t\tX2vn.append(np.mean(val[k][:,:,1]))\n",
        "\t\t\tX3vn.append(np.mean(val[k][:,:,2]))\n",
        "\t\t\tX4vn.append(np.mean([np.min(val[k][:,:,0]) , np.min(val[k][:,:,1]) , np.min(val[k][:,:,2])]))\n",
        "\t\t\tX5vn.append(np.mean([np.max(val[k][:,:,0]) , np.max(val[k][:,:,1]) , np.max(val[k][:,:,2])]))\n",
        "\t\t\ta = np.array([X1vn[k-3], X2vn[k-3], X3vn[k-3], X4vn[k-3], X5vn[k-3]])\n",
        "\t\tdif1 = (a - mu0).reshape(-1,1)\n",
        "\t\tdif2 = (a - mu1).reshape(-1,1)\n",
        "\t\tdif1t = np.transpose(dif1)\n",
        "\t\tdif2t = np.transpose(dif2)\n",
        "\t\tp1 = np.matmul(siginv,dif1)\n",
        "\t\tpp1 = np.dot(dif1t,p1)\n",
        "\t\tp2 = np.matmul(siginv,dif2)\n",
        "\t\tpp2 = np.dot(dif1t,p2)\n",
        "\t\tprob1 = (1/((2*np.pi)**(m/2)*det**(0.5)))*np.exp(-0.5*pp1) # p(x|y=0)\n",
        "\t\tprob2 = (1/((2*np.pi)**(m/2)*det**(0.5)))*np.exp(-0.5*pp2) # p(x|y=1)\n",
        "\n",
        "\t\t\n",
        "\t\tif k < 3:\n",
        "\t\t\tprint('real=positive')\n",
        "\t\t\t\n",
        "\t\t\tprint('y=0 score = ',prob1*0.5) # we need argmax (p(x|y=0) * p(y)) orginal Bayes: (p(x|y=0) * p(y))/p(x) = p(y=0|x)\n",
        "\t\t\tprint('y=1 score = ',prob2*0.5) # we need argmax (p(x|y=1) * p(y)) orginal Bayes: (p(x|y=1) * p(y))/p(x) = p(y=1|x)\n",
        "\t\t\tif prob2>prob1:\n",
        "\t\t\t\tprint('predicted=positive')\n",
        "\t\t\t\ttp += 1\n",
        "\t\t\telse:\n",
        "\t\t\t\tprint('predicted=negative')\n",
        "\t\t\t\tfn += 1\n",
        "\t\t\t\t\n",
        "\t\t\n",
        "\t\telse:\n",
        "\t\t\tprint('real=negative')\n",
        "\n",
        "\t\t\tprint('y=0 score = ',prob1*0.5) # we need argmax (p(x|y=0) * p(y)) orginal Bayes: (p(x|y=0) * p(y))/p(x) = p(y=0|x)\n",
        "\t\t\tprint('y=1 score = ',prob2*0.5) # we need argmax (p(x|y=1) * p(y)) orginal Bayes: (p(x|y=1) * p(y))/p(x) = p(y=1|x)\n",
        "\t\t\tif prob1>prob2:\n",
        "\t\t\t\tprint('predicted=negative')\n",
        "\t\t\t\ttn += 1\n",
        "\t\t\telse:\n",
        "\t\t\t\tprint('predicted=positive')\n",
        "\t\t\t\tfp += 1\n",
        "\tprint('confusion matrix: ')\n",
        "\tprint(str(np.array([[tn,fp],[fn,tp]])))\n",
        "\tprint('accuracy= ',str(round((tp+tn)/(tp+fp+tn+fn),2)))"
      ],
      "execution_count": 0,
      "outputs": [
        {
          "output_type": "stream",
          "text": [
            "partition=  1\n",
            "mu0=  [162.58031121 125.11593364 126.15959362 114.97530864 161.80246914] mu1=  [175.51986883 138.87641461 142.84278549  80.54320988 184.07407407]\n",
            "sigma=  [[680.13317594 740.49301822 539.54626151 533.16902276 452.29190164]\n",
            " [740.49301822 963.77351983 647.72771606 710.07659052 508.74903788]\n",
            " [539.54626151 647.72771606 501.81836708 484.05959775 419.26209483]\n",
            " [533.16902276 710.07659052 484.05959775 695.52385307 336.64228014]\n",
            " [452.29190164 508.74903788 419.26209483 336.64228014 496.30605091]]\n",
            "Sample  1\n",
            "real=positive\n",
            "y=0 score =  [[4.58935448e-19]]\n",
            "y=1 score =  [[8.09226165e-17]]\n",
            "predicted=positive\n",
            "Sample  2\n",
            "real=positive\n",
            "y=0 score =  [[8.02891029e-21]]\n",
            "y=1 score =  [[1.17709404e-17]]\n",
            "predicted=positive\n",
            "Sample  3\n",
            "real=positive\n",
            "y=0 score =  [[4.92496373e-21]]\n",
            "y=1 score =  [[7.44228772e-18]]\n",
            "predicted=positive\n",
            "Sample  4\n",
            "real=negative\n",
            "y=0 score =  [[8.58156442e-18]]\n",
            "y=1 score =  [[8.94393838e-17]]\n",
            "predicted=positive\n",
            "Sample  5\n",
            "real=negative\n",
            "y=0 score =  [[2.12862943e-17]]\n",
            "y=1 score =  [[7.85263046e-18]]\n",
            "predicted=negative\n",
            "Sample  6\n",
            "real=negative\n",
            "y=0 score =  [[3.15988776e-18]]\n",
            "y=1 score =  [[5.9601898e-17]]\n",
            "predicted=positive\n",
            "confusion matrix: \n",
            "[[1 2]\n",
            " [0 3]]\n",
            "accuracy=  0.67\n",
            "partition=  2\n",
            "mu0=  [163.35763889 126.72010031 127.40309928 115.09876543 163.08641975] mu1=  [176.74440586 139.47858796 142.99196245  80.9382716  185.38271605]\n",
            "sigma=  [[ 730.9178269   835.8367906   604.92224679  545.73392013  500.68745237]\n",
            " [ 835.8367906  1098.56460331  742.68196625  725.29510078  602.94071026]\n",
            " [ 604.92224679  742.68196625  567.73009866  492.65356526  480.43129382]\n",
            " [ 545.73392013  725.29510078  492.65356526  683.68480415  352.30178326]\n",
            " [ 500.68745237  602.94071026  480.43129382  352.30178326  537.28882792]]\n",
            "Sample  1\n",
            "real=positive\n",
            "y=0 score =  [[1.26554141e-20]]\n",
            "y=1 score =  [[3.31454499e-18]]\n",
            "predicted=positive\n",
            "Sample  2\n",
            "real=positive\n",
            "y=0 score =  [[2.50293578e-19]]\n",
            "y=1 score =  [[2.12534537e-17]]\n",
            "predicted=positive\n",
            "Sample  3\n",
            "real=positive\n",
            "y=0 score =  [[3.1362989e-20]]\n",
            "y=1 score =  [[8.12256146e-18]]\n",
            "predicted=positive\n",
            "Sample  4\n",
            "real=negative\n",
            "y=0 score =  [[6.93463623e-18]]\n",
            "y=1 score =  [[9.83768735e-18]]\n",
            "predicted=positive\n",
            "Sample  5\n",
            "real=negative\n",
            "y=0 score =  [[1.99271173e-17]]\n",
            "y=1 score =  [[9.6247828e-18]]\n",
            "predicted=negative\n",
            "Sample  6\n",
            "real=negative\n",
            "y=0 score =  [[1.57078222e-17]]\n",
            "y=1 score =  [[8.80736679e-18]]\n",
            "predicted=negative\n",
            "confusion matrix: \n",
            "[[2 1]\n",
            " [0 3]]\n",
            "accuracy=  0.83\n",
            "partition=  3\n",
            "mu0=  [165.046875   128.28562243 128.44540895 116.24691358 164.32098765] mu1=  [176.22376543 139.65187757 142.96116255  81.71604938 184.40740741]\n",
            "sigma=  [[ 698.2398965   786.30481486  568.33265302  503.91171315  482.98931184]\n",
            " [ 786.30481486 1047.62434036  704.4755625   691.09326576  563.31694229]\n",
            " [ 568.33265302  704.4755625   543.20388342  469.55467123  454.00779226]\n",
            " [ 503.91171315  691.09326576  469.55467123  650.19417772  326.77244323]\n",
            " [ 482.98931184  563.31694229  454.00779226  326.77244323  526.5154702 ]]\n",
            "Sample  1\n",
            "real=positive\n",
            "y=0 score =  [[2.87158444e-21]]\n",
            "y=1 score =  [[2.66847999e-18]]\n",
            "predicted=positive\n",
            "Sample  2\n",
            "real=positive\n",
            "y=0 score =  [[8.25231089e-20]]\n",
            "y=1 score =  [[1.82739182e-17]]\n",
            "predicted=positive\n",
            "Sample  3\n",
            "real=positive\n",
            "y=0 score =  [[1.51773156e-20]]\n",
            "y=1 score =  [[6.87295568e-18]]\n",
            "predicted=positive\n",
            "Sample  4\n",
            "real=negative\n",
            "y=0 score =  [[1.72060961e-17]]\n",
            "y=1 score =  [[7.34765385e-18]]\n",
            "predicted=negative\n",
            "Sample  5\n",
            "real=negative\n",
            "y=0 score =  [[8.5015913e-18]]\n",
            "y=1 score =  [[2.20677016e-17]]\n",
            "predicted=positive\n",
            "Sample  6\n",
            "real=negative\n",
            "y=0 score =  [[1.50900141e-17]]\n",
            "y=1 score =  [[9.60574906e-18]]\n",
            "predicted=negative\n",
            "confusion matrix: \n",
            "[[2 1]\n",
            " [0 3]]\n",
            "accuracy=  0.83\n",
            "partition=  4\n",
            "mu0=  [163.22575874 126.43608539 127.32028035 115.50617284 162.43209877] mu1=  [175.9528035  139.25083591 142.62397119  80.34567901 184.65432099]\n",
            "sigma=  [[ 680.94258756  761.53536952  548.44870157  508.84857968  472.16711756]\n",
            " [ 761.53536952 1012.42162646  675.82854793  686.11908119  545.49631344]\n",
            " [ 548.44870157  675.82854793  518.43951592  461.11882081  440.84604576]\n",
            " [ 508.84857968  686.11908119  461.11882081  678.77945435  316.75628715]\n",
            " [ 472.16711756  545.49631344  440.84604576  316.75628715  523.03368389]]\n",
            "Sample  1\n",
            "real=positive\n",
            "y=0 score =  [[7.57448985e-20]]\n",
            "y=1 score =  [[1.50982957e-17]]\n",
            "predicted=positive\n",
            "Sample  2\n",
            "real=positive\n",
            "y=0 score =  [[6.87849507e-19]]\n",
            "y=1 score =  [[4.04011511e-17]]\n",
            "predicted=positive\n",
            "Sample  3\n",
            "real=positive\n",
            "y=0 score =  [[9.11972588e-20]]\n",
            "y=1 score =  [[1.55750862e-17]]\n",
            "predicted=positive\n",
            "Sample  4\n",
            "real=negative\n",
            "y=0 score =  [[1.26962595e-17]]\n",
            "y=1 score =  [[1.79697726e-17]]\n",
            "predicted=positive\n",
            "Sample  5\n",
            "real=negative\n",
            "y=0 score =  [[1.35424848e-17]]\n",
            "y=1 score =  [[1.70406245e-17]]\n",
            "predicted=positive\n",
            "Sample  6\n",
            "real=negative\n",
            "y=0 score =  [[1.32444059e-17]]\n",
            "y=1 score =  [[1.40127456e-17]]\n",
            "predicted=positive\n",
            "confusion matrix: \n",
            "[[0 3]\n",
            " [0 3]]\n",
            "accuracy=  0.5\n",
            "partition=  5\n",
            "mu0=  [164.48778292 128.00527263 128.22202932 115.92592593 164.        ] mu1=  [176.1091178  139.41287294 142.89448302  80.27160494 184.85185185]\n",
            "sigma=  [[ 727.10991851  802.52407298  581.48492195  522.51959178  491.52967345]\n",
            " [ 802.52407298 1039.43887465  703.65276265  690.1045223   560.18980529]\n",
            " [ 581.48492195  703.65276265  541.94063003  466.37836267  449.26203132]\n",
            " [ 522.51959178  690.1045223   466.37836267  655.01844231  311.11751257]\n",
            " [ 491.52967345  560.18980529  449.26203132  311.11751257  523.82441701]]\n",
            "Sample  1\n",
            "real=positive\n",
            "y=0 score =  [[7.68726617e-19]]\n",
            "y=1 score =  [[4.64639724e-17]]\n",
            "predicted=positive\n",
            "Sample  2\n",
            "real=positive\n",
            "y=0 score =  [[2.50113217e-20]]\n",
            "y=1 score =  [[8.17920222e-18]]\n",
            "predicted=positive\n",
            "Sample  3\n",
            "real=positive\n",
            "y=0 score =  [[5.41812439e-19]]\n",
            "y=1 score =  [[4.09429808e-17]]\n",
            "predicted=positive\n",
            "Sample  4\n",
            "real=negative\n",
            "y=0 score =  [[1.85464593e-17]]\n",
            "y=1 score =  [[8.05186871e-18]]\n",
            "predicted=negative\n",
            "Sample  5\n",
            "real=negative\n",
            "y=0 score =  [[1.5413455e-17]]\n",
            "y=1 score =  [[1.04853148e-17]]\n",
            "predicted=negative\n",
            "Sample  6\n",
            "real=negative\n",
            "y=0 score =  [[1.08321338e-17]]\n",
            "y=1 score =  [[1.43554975e-17]]\n",
            "predicted=positive\n",
            "confusion matrix: \n",
            "[[2 1]\n",
            " [0 3]]\n",
            "accuracy=  0.83\n",
            "partition=  6\n",
            "mu0=  [163.83982767 127.54050926 127.625643   116.17283951 163.41975309] mu1=  [177.8434285  141.18267747 143.75868056  81.40740741 185.35802469]\n",
            "sigma=  [[624.75964445 719.77762405 520.04590214 503.04984314 444.48328983]\n",
            " [719.77762405 941.85916573 654.34641906 642.21905007 530.38285418]\n",
            " [520.04590214 654.34641906 499.968997   465.010966   415.26973626]\n",
            " [503.04984314 642.21905007 465.010966   620.637098   313.67017223]\n",
            " [444.48328983 530.38285418 415.26973626 313.67017223 491.36655998]]\n",
            "Sample  1\n",
            "real=positive\n",
            "y=0 score =  [[2.936571e-19]]\n",
            "y=1 score =  [[2.61163813e-17]]\n",
            "predicted=positive\n",
            "Sample  2\n",
            "real=positive\n",
            "y=0 score =  [[3.48964312e-22]]\n",
            "y=1 score =  [[1.79425155e-18]]\n",
            "predicted=positive\n",
            "Sample  3\n",
            "real=positive\n",
            "y=0 score =  [[1.4806592e-20]]\n",
            "y=1 score =  [[1.84333381e-17]]\n",
            "predicted=positive\n",
            "Sample  4\n",
            "real=negative\n",
            "y=0 score =  [[6.09113673e-19]]\n",
            "y=1 score =  [[4.97225854e-17]]\n",
            "predicted=positive\n",
            "Sample  5\n",
            "real=negative\n",
            "y=0 score =  [[1.18136461e-17]]\n",
            "y=1 score =  [[1.04764281e-17]]\n",
            "predicted=negative\n",
            "Sample  6\n",
            "real=negative\n",
            "y=0 score =  [[2.17561059e-17]]\n",
            "y=1 score =  [[5.83861583e-18]]\n",
            "predicted=negative\n",
            "confusion matrix: \n",
            "[[2 1]\n",
            " [0 3]]\n",
            "accuracy=  0.83\n",
            "partition=  7\n",
            "mu0=  [162.9375     125.82490998 126.74588477 114.03703704 162.54320988] mu1=  [175.89210391 139.70743313 142.67766204  80.72839506 184.37037037]\n",
            "sigma=  [[ 722.90829542  795.10158995  572.27702902  515.39950878  489.98617303]\n",
            " [ 795.10158995 1014.98595263  682.71781388  677.90869977  559.89574919]\n",
            " [ 572.27702902  682.71781388  524.19806677  463.24213153  447.46589062]\n",
            " [ 515.39950878  677.90869977  463.24213153  658.49169334  319.05807042]\n",
            " [ 489.98617303  559.89574919  447.46589062  319.05807042  529.25895443]]\n",
            "Sample  1\n",
            "real=positive\n",
            "y=0 score =  [[1.87851661e-20]]\n",
            "y=1 score =  [[7.49853743e-18]]\n",
            "predicted=positive\n",
            "Sample  2\n",
            "real=positive\n",
            "y=0 score =  [[1.1821495e-18]]\n",
            "y=1 score =  [[4.74319066e-17]]\n",
            "predicted=positive\n",
            "Sample  3\n",
            "real=positive\n",
            "y=0 score =  [[2.84598922e-20]]\n",
            "y=1 score =  [[1.08952225e-17]]\n",
            "predicted=positive\n",
            "Sample  4\n",
            "real=negative\n",
            "y=0 score =  [[1.01265622e-17]]\n",
            "y=1 score =  [[7.15413911e-18]]\n",
            "predicted=negative\n",
            "Sample  5\n",
            "real=negative\n",
            "y=0 score =  [[1.03171699e-17]]\n",
            "y=1 score =  [[3.16581577e-18]]\n",
            "predicted=negative\n",
            "Sample  6\n",
            "real=negative\n",
            "y=0 score =  [[1.80532942e-17]]\n",
            "y=1 score =  [[9.22996979e-18]]\n",
            "predicted=negative\n",
            "confusion matrix: \n",
            "[[3 0]\n",
            " [0 3]]\n",
            "accuracy=  1.0\n",
            "partition=  8\n",
            "mu0=  [164.07465278 127.2660751  127.46482767 115.80246914 163.30864198] mu1=  [175.24106224 138.3749357  142.11876286  80.22222222 183.91358025]\n",
            "sigma=  [[ 712.51208299  789.29178072  564.92186733  523.74411294  463.0811884 ]\n",
            " [ 789.29178072 1035.22656432  687.19534872  700.51550989  528.8992738 ]\n",
            " [ 564.92186733  687.19534872  521.26781561  469.90515769  419.94548754]\n",
            " [ 523.74411294  700.51550989  469.90515769  689.88081085  304.50602042]\n",
            " [ 463.0811884   528.8992738   419.94548754  304.50602042  478.67520195]]\n",
            "Sample  1\n",
            "real=positive\n",
            "y=0 score =  [[3.0606285e-20]]\n",
            "y=1 score =  [[9.32057791e-18]]\n",
            "predicted=positive\n",
            "Sample  2\n",
            "real=positive\n",
            "y=0 score =  [[1.47262254e-19]]\n",
            "y=1 score =  [[1.96250194e-17]]\n",
            "predicted=positive\n",
            "Sample  3\n",
            "real=positive\n",
            "y=0 score =  [[9.87590109e-20]]\n",
            "y=1 score =  [[1.7880043e-17]]\n",
            "predicted=positive\n",
            "Sample  4\n",
            "real=negative\n",
            "y=0 score =  [[8.30567845e-18]]\n",
            "y=1 score =  [[1.0056149e-17]]\n",
            "predicted=positive\n",
            "Sample  5\n",
            "real=negative\n",
            "y=0 score =  [[9.41636888e-18]]\n",
            "y=1 score =  [[2.64282431e-17]]\n",
            "predicted=positive\n",
            "Sample  6\n",
            "real=negative\n",
            "y=0 score =  [[1.76399734e-17]]\n",
            "y=1 score =  [[1.40998476e-17]]\n",
            "predicted=negative\n",
            "confusion matrix: \n",
            "[[1 2]\n",
            " [0 3]]\n",
            "accuracy=  0.67\n",
            "partition=  9\n",
            "mu0=  [163.88097994 126.54591049 126.93576389 115.07407407 161.96296296] mu1=  [175.12165638 138.83146862 142.31391461  80.35802469 183.66666667]\n",
            "sigma=  [[681.59300575 759.00365682 557.39229488 488.10678949 484.01986168]\n",
            " [759.00365682 997.79790392 679.47777676 655.38372263 556.89246113]\n",
            " [557.39229488 679.47777676 526.25992863 448.18485813 446.36689815]\n",
            " [488.10678949 655.38372263 448.18485813 639.8725804  309.93964335]\n",
            " [484.01986168 556.89246113 446.36689815 309.93964335 516.91083676]]\n",
            "Sample  1\n",
            "real=positive\n",
            "y=0 score =  [[1.22477322e-19]]\n",
            "y=1 score =  [[1.6751597e-17]]\n",
            "predicted=positive\n",
            "Sample  2\n",
            "real=positive\n",
            "y=0 score =  [[3.25926603e-20]]\n",
            "y=1 score =  [[9.43722449e-18]]\n",
            "predicted=positive\n",
            "Sample  3\n",
            "real=positive\n",
            "y=0 score =  [[5.36456583e-19]]\n",
            "y=1 score =  [[3.73945659e-17]]\n",
            "predicted=positive\n",
            "Sample  4\n",
            "real=negative\n",
            "y=0 score =  [[7.61903943e-18]]\n",
            "y=1 score =  [[1.39491851e-17]]\n",
            "predicted=positive\n",
            "Sample  5\n",
            "real=negative\n",
            "y=0 score =  [[9.34850864e-18]]\n",
            "y=1 score =  [[1.00649576e-17]]\n",
            "predicted=positive\n",
            "Sample  6\n",
            "real=negative\n",
            "y=0 score =  [[1.19052648e-17]]\n",
            "y=1 score =  [[8.158287e-18]]\n",
            "predicted=negative\n",
            "confusion matrix: \n",
            "[[1 2]\n",
            " [0 3]]\n",
            "accuracy=  0.67\n",
            "partition=  10\n",
            "mu0=  [163.69888117 126.53967335 127.09239969 114.71604938 162.45679012] mu1=  [177.077482   140.47537294 143.99080504  82.24691358 185.65432099]\n",
            "sigma=  [[620.05898825 693.07145191 499.147251   415.61780629 468.30487286]\n",
            " [693.07145191 909.98953589 622.17574048 570.87809912 541.25708575]\n",
            " [499.147251   622.17574048 479.41768706 386.71922312 428.25100658]\n",
            " [415.61780629 570.87809912 386.71922312 553.65096784 287.78814205]\n",
            " [468.30487286 541.25708575 428.25100658 287.78814205 500.02682518]]\n",
            "Sample  1\n",
            "real=positive\n",
            "y=0 score =  [[2.00692477e-19]]\n",
            "y=1 score =  [[2.35290829e-17]]\n",
            "predicted=positive\n",
            "Sample  2\n",
            "real=positive\n",
            "y=0 score =  [[3.95836328e-21]]\n",
            "y=1 score =  [[1.40158977e-18]]\n",
            "predicted=positive\n",
            "Sample  3\n",
            "real=positive\n",
            "y=0 score =  [[1.17919657e-20]]\n",
            "y=1 score =  [[4.06952548e-18]]\n",
            "predicted=positive\n",
            "Sample  4\n",
            "real=negative\n",
            "y=0 score =  [[1.7300515e-17]]\n",
            "y=1 score =  [[6.84500695e-18]]\n",
            "predicted=negative\n",
            "Sample  5\n",
            "real=negative\n",
            "y=0 score =  [[1.27712918e-18]]\n",
            "y=1 score =  [[1.65782915e-18]]\n",
            "predicted=positive\n",
            "Sample  6\n",
            "real=negative\n",
            "y=0 score =  [[1.17357367e-17]]\n",
            "y=1 score =  [[6.6986697e-18]]\n",
            "predicted=negative\n",
            "confusion matrix: \n",
            "[[2 1]\n",
            " [0 3]]\n",
            "accuracy=  0.83\n"
          ],
          "name": "stdout"
        }
      ]
    }
  ]
}